====================================================
  HRM-SDT RESULTS SUMMARY
====================================================

Convergence: 99.6% of parameters R-hat < 1.1

KEY PARAMETER ESTIMATES
           mean    sd   2.5%  97.5%  Rhat n.eff
delta[1] -0.480 0.150 -0.776 -0.185 1.001  3000
delta[2]  0.123 0.145 -0.156  0.412 1.001  3000
delta[3]  0.519 0.148  0.226  0.805 1.002  1300
delta[4] -0.161 0.148 -0.443  0.133 1.001  2200
tau[1]   -1.543 0.270 -2.108 -1.041 1.005   490
tau[2]   -0.467 0.252 -0.911  0.111 1.061    65
tau[3]    0.453 0.290 -0.014  1.186 1.054   120
tau[4]    1.210 0.748  0.271  3.604 1.082   110
d[1]      1.732 0.362  1.184  2.596 1.025   120
d[2]      1.214 0.178  0.946  1.673 1.008   870
d[3]      0.856 0.096  0.706  1.104 1.071    45
c[1,1]   -1.311 0.171 -1.636 -0.968 1.002  2000
c[1,2]   -0.306 0.181 -0.621  0.089 1.006  3000
c[1,3]    1.055 0.296  0.590  1.775 1.008  1400
c[1,4]    2.047 0.377  1.445  2.900 1.005  3000
c[2,1]   -2.407 0.335 -3.132 -1.828 1.002  1400
c[2,2]   -0.128 0.146 -0.399  0.167 1.010   220
c[2,3]    0.501 0.163  0.197  0.829 1.015   190
c[2,4]    2.746 0.316  2.201  3.470 1.021   120
c[3,1]   -1.548 0.170 -1.886 -1.238 1.001  2300
c[3,2]   -0.590 0.126 -0.820 -0.326 1.001  3000
c[3,3]    1.036 0.144  0.765  1.343 1.003  1000
c[3,4]    2.527 0.194  2.157  2.918 1.006   350

RELATIVE CRITERIA (rc)
   rater cut      c_est     d_est          rc   opt         dev
1      1   1 -1.3108786 1.7318428 -0.18923175 -0.25  0.06076825
2      1   2 -0.3059032 1.7318428 -0.04415863  0.00 -0.04415863
3      1   3  1.0546784 1.7318428  0.15224800  0.25 -0.09775200
4      1   4  2.0471635 1.7318428  0.29551810  0.50 -0.20448190
5      2   1 -2.4070455 1.2135619 -0.49586375 -0.25 -0.24586375
6      2   2 -0.1279944 1.2135619 -0.02636750  0.00 -0.02636750
7      2   3  0.5006485 1.2135619  0.10313617  0.25 -0.14686383
8      2   4  2.7463030 1.2135619  0.56575254  0.50  0.06575254
9      3   1 -1.5480619 0.8560645 -0.45208679 -0.25 -0.20208679
10     3   2 -0.5900425 0.8560645 -0.17231249  0.00 -0.17231249
11     3   3  1.0361340 0.8560645  0.30258642  0.25  0.05258642
12     3   4  2.5273134 0.8560645  0.73806159  0.50  0.23806159

STUDENT ABILITY
  Mean = 0.002   SD = 0.702   Range = -1.614 to 1.375
